# Iteration table of report-20's clipped N=10 run (OAR job 3095645, job_clip.sh),
# copied out of the job log so report-21's comparison figure can use its gradients:
# report-20's trajectory.npy stores only (c_k, c_eps, loss), while report-21 checkpoints
# the gradient too. Columns: iter, loss, c_k_after_update, c_eps_after_update, dL/dc_k, dL/dc_eps, wall_s.
   0   5.09250e-01    0.0700    0.3800   -4.096e+01    9.704e-01    240
   1   1.39843e-01    0.0859    0.3635   -7.638e+00    2.352e-01    235
   2   1.53889e-01    0.0964    0.3622    5.655e+00   -8.699e-01    134
   3   2.41952e-01    0.1028    0.3699    7.410e+00   -1.375e+00    135
   4   2.97483e-01    0.1053    0.3818    1.091e+01   -1.541e+00    136
   5   3.10497e-01    0.1047    0.3959    1.167e+01   -1.521e+00    134
   6   2.79886e-01    0.1020    0.4113    1.073e+01   -1.371e+00    136
   7   2.35209e-01    0.0977    0.4274    9.360e+00   -1.138e+00    137
   8   1.82015e-01    0.0924    0.4436    7.582e+00   -9.234e-01    139
   9   1.34363e-01    0.0869    0.4590    4.212e+00   -3.761e-01    135
  10   5.22906e-02    0.0815    0.4738    2.560e+00   -4.723e-01    134
  11   1.50680e-01    0.0764    0.4880    1.487e+00   -3.982e-01    134
  12   1.66487e-01    0.0735    0.4995   -8.658e+00    4.510e-01    134
  13   8.96878e-02    0.0728    0.5086   -1.002e+01    4.568e-01    138
  14   9.94028e-02    0.0741    0.5154   -1.071e+01    4.885e-01    134
  15   9.00229e-02    0.0774    0.5204   -1.179e+01    4.565e-01    134
  16   6.19039e-02    0.0816    0.5239   -7.684e+00    3.423e-01    136
  17   9.71051e-02    0.0860    0.5271   -3.447e+00    3.953e-02    136
  18   1.40054e-01    0.0909    0.5276   -5.325e+00    9.121e-01    139
  19   1.47160e-01    0.0946    0.5294    3.889e+00   -5.634e-01    137
  20   1.57242e-01    0.0975    0.5318    2.634e+00   -3.114e-01    140
  21   1.69832e-01    0.0994    0.5349    3.877e+00   -4.028e-01    136
  22   1.20895e-01    0.1002    0.5392    5.364e+00   -6.366e-01    136
  23   1.20145e-01    0.1000    0.5444    5.577e+00   -6.038e-01    136
  24   1.22419e-01    0.1060    0.5373   -1.169e+03    2.567e+02    137
  25   1.64560e-01    0.1105    0.5315    7.466e+00   -6.925e-01    134
  26   1.42487e-01    0.1135    0.5269    7.573e+00   -7.620e-01    140
  27   1.66897e-01    0.1152    0.5235    8.136e+00   -8.435e-01    135
  28   1.86956e-01    0.1157    0.5212    8.503e+00   -8.979e-01    135
  29   1.99395e-01    0.1150    0.5198    8.717e+00   -9.132e-01    135
  30   1.88211e-01    0.1134    0.5193    8.515e+00   -9.328e-01    135
  31   1.73698e-01    0.1110    0.5196    8.256e+00   -8.691e-01    136
  32   1.53959e-01    0.1079    0.5204    7.931e+00   -8.189e-01    135
  33   1.32958e-01    0.1043    0.5217    7.194e+00   -7.249e-01    135
  34   1.60436e-01    0.0998    0.5234    1.180e+01   -6.981e-01    135
  35   1.31066e-01    0.0950    0.5254    5.835e+00   -6.215e-01    139
  36   1.60023e-01    0.0904    0.5276    3.619e+00   -4.786e-01    135
  37   1.45327e-01    0.0861    0.5297    2.030e+00   -3.627e-01    134
  38   8.35736e-02    0.0824    0.5317   -2.068e+00    6.941e-03    135
  39   9.45334e-02    0.0798    0.5331   -5.780e+00    3.952e-01    133
  40   5.05170e-02    0.0782    0.5342   -6.424e+00    2.802e-01    134
  41   6.23520e-02    0.0776    0.5349   -7.840e+00    3.408e-01    136
  42   6.46444e-02    0.0779    0.5353   -8.038e+00    3.591e-01    134
  43   6.21152e-02    0.0790    0.5354   -7.790e+00    3.476e-01    133
  44   5.71782e-02    0.0807    0.5353   -7.058e+00    3.093e-01    136
  45   4.58473e-02    0.0827    0.5350   -5.766e+00    2.559e-01    140
  46   9.24878e-02    0.0849    0.5347   -3.807e+00    1.220e-01    137
  47   8.32029e-02    0.0870    0.5343   -2.500e+00    9.263e-02    135
  48   8.08821e-02    0.0890    0.5340   -1.186e+00   -3.959e-02    135
  49   1.34289e-01    0.0906    0.5340    2.040e+00   -3.901e-01    135
  50   1.43591e-01    0.0920    0.5346   -7.983e-01   -1.016e+00    133
  51   1.46539e-01    0.0932    0.5354    1.847e+00   -3.881e-01    134
  52   1.49486e-01    0.0939    0.5363    2.940e+00   -4.355e-01    136
  53   1.52969e-01    0.0943    0.5373    3.289e+00   -4.012e-01    134
  54   1.49678e-01    0.0944    0.5385    2.927e+00   -4.159e-01    133
  55   1.50506e-01    0.0942    0.5397    3.372e+00   -3.974e-01    137
  56   1.50577e-01    0.0938    0.5410    3.368e+00   -4.133e-01    137
  57   1.52593e-01    0.0929    0.5426    6.534e+00   -1.025e+00    133
  58   1.46413e-01    0.0920    0.5441    2.127e+00   -2.902e-01    135
  59   1.41904e-01    0.0912    0.5457    1.746e+00   -3.966e-01    135
  60   1.34050e-01    0.0902    0.5472    2.534e+00   -4.918e-01    136
  61   7.85662e-02    0.0893    0.5487    1.385e+00   -3.816e-01    135
  62   7.76464e-02    0.0885    0.5501   -5.735e-01   -3.599e-03    134
  63   7.68259e-02    0.0879    0.5512   -1.043e+00   -2.206e-02    133
  64   8.01291e-02    0.0876    0.5522   -2.439e+00    1.049e-01    135
  65   7.94018e-02    0.0874    0.5530   -2.168e+00    6.983e-02    134
  66   8.12784e-02    0.0873    0.5536   -1.823e+00    3.308e-02    137
  67   8.07916e-02    0.0873    0.5542   -1.975e+00    4.666e-02    136
  68   8.21052e-02    0.0875    0.5547   -2.014e+00    5.260e-02    134
  69   8.06769e-02    0.0883    0.5554   -1.668e+01   -9.494e-01    134
  70   7.89599e-02    0.0891    0.5559   -2.494e+00   -5.561e-03    133
  71   7.98187e-02    0.0899    0.5565   -1.833e+00   -1.659e-02    140
  72   7.90135e-02    0.0905    0.5570    9.431e-01   -2.771e-01    135
  73   7.46819e-02    0.0911    0.5573   -2.341e+00    1.852e-01    135
  74   7.85407e-02    0.0916    0.5577    1.993e+00   -3.327e-01    135
  75   7.81895e-02    0.0919    0.5581    2.257e+00   -3.186e-01    135
  76   7.94405e-02    0.0921    0.5585    2.116e+00   -3.327e-01    134
  77   7.81298e-02    0.0922    0.5589    2.063e+00   -3.304e-01    141
  78   7.82475e-02    0.0922    0.5593    2.095e+00   -3.369e-01    136
  79   7.60339e-02    0.0922    0.5597    2.189e+00   -3.367e-01    135
  80   7.86831e-02    0.0922    0.5601    2.063e+00   -3.454e-01    137
  81   7.80724e-02    0.0921    0.5604    2.256e+00   -3.183e-01    135
  82   7.59873e-02    0.0920    0.5607    1.804e+00   -3.481e-01    137
  83   7.80789e-02    0.0918    0.5610    2.115e+00   -3.520e-01    135
  84   7.82517e-02    0.0917    0.5613    2.208e+00   -3.411e-01    137
  85   7.90353e-02    0.0916    0.5615    2.152e+00   -3.436e-01    134
  86   7.67914e-02    0.0915    0.5617    2.366e+00   -3.528e-01    134
  87   7.57978e-02    0.0914    0.5619    2.065e+00   -3.324e-01    134
  88   7.80307e-02    0.0913    0.5621    6.346e-01   -1.399e-01    134
  89   7.51625e-02    0.0912    0.5622   -2.693e+00    2.574e-01    135
  90   7.43966e-02    0.0912    0.5623   -1.964e+00    1.334e-01    133
  91   7.51779e-02    0.0912    0.5623   -1.656e+00    8.860e-02    133
  92   7.63443e-02    0.0912    0.5623   -1.744e+00    9.700e-02    135
  93   7.50110e-02    0.0912    0.5624   -1.473e+00    7.133e-02    135
  94   7.50103e-02    0.0912    0.5624   -1.455e+00    6.896e-02    134
  95   7.50053e-02    0.0912    0.5624   -1.471e+00    7.183e-02    135
  96   7.44847e-02    0.0912    0.5624   -1.405e+00    5.069e-02    137
  97   7.57698e-02    0.0912    0.5624   -1.413e+00    5.492e-02    135
  98   7.70369e-02    0.0912    0.5624   -1.606e+00    8.177e-02    137
  99   7.70345e-02    0.0912    0.5624   -1.620e+00    8.391e-02    134
